rebuiltM1 = Array2DRowRealMatrix{{0.013445532,0.01039469,0.009881156,0.010499559},{0.01039469,0.023006616,0.008196856,0.010732709},{0.009881156,0.008196856,0.019023866,0.009210099},{0.010499559,0.010732709,0.009210099,0.019107243}}
rebuiltM3 = Array2DRowRealMatrix{{0.0069607085,0.01039469,0.0,0.0058618433,0.010499559},{0.01039469,0.023006616,0.0,0.008196856,0.010732709},{0.0,0.0,0.0,0.0,0.0},{0.0058618433,0.008196856,0.0,0.004977887,0.009210099},{0.010499559,0.010732709,0.0,0.009210099,0.019107243}}
root3 = Array2DRowRealMatrix{{0.0759577418,0.0345127514,0.0},{0.0776444362,0.1302994916,0.0},{0.0,0.0,0.0},{0.0666293053,0.0232039367,0.0},{0.1382289514,0.0,0.0}}
m1 = Array2DRowRealMatrix{{0.013445532,0.01039469,0.009881156,0.010499559},{0.01039469,0.023006616,0.008196856,0.010732709},{0.009881156,0.008196856,0.019023866,0.009210099},{0.010499559,0.010732709,0.009210099,0.019107243}}
root1 = Array2DRowRealMatrix{{0.0759577418,0.0345127514,0.0339137482,0.0730389015},{0.0776444362,0.1302994916,0.0,0.0},{0.0666293053,0.0232039367,0.1185157331,0.0},{0.1382289514,0.0,0.0,0.0}}
rebuiltM2 = Array2DRowRealMatrix{{0.0,0.0,0.0,0.0,0.0},{0.0,0.013445532,0.01039469,0.009881156,0.010499559},{0.0,0.01039469,0.023006616,0.008196856,0.010732709},{0.0,0.009881156,0.008196856,0.019023866,0.009210099},{0.0,0.010499559,0.010732709,0.009210099,0.019107243}}
root2 = Array2DRowRealMatrix{{0.0,0.0,0.0,0.0,0.0},{0.0759577418,0.0876125188,0.0,0.0,0.0},{0.0776444362,0.0513282122,0.1197638182,0.0,0.0},{0.0666293053,0.0550166174,0.0016662507,0.1074932421,0.0},{0.1382289514,0.0,0.0,0.0,0.0}}
m3 = Array2DRowRealMatrix{{0.013445532,0.01039469,0.0,0.009881156,0.010499559},{0.01039469,0.023006616,0.0,0.008196856,0.010732709},{0.0,0.0,0.0,0.0,0.0},{0.009881156,0.008196856,0.0,0.019023866,0.009210099},{0.010499559,0.010732709,0.0,0.009210099,0.019107243}}
m2 = Array2DRowRealMatrix{{0.0,0.0,0.0,0.0,0.0},{0.0,0.013445532,0.01039469,0.009881156,0.010499559},{0.0,0.01039469,0.023006616,0.008196856,0.010732709},{0.0,0.009881156,0.008196856,0.019023866,0.009210099},{0.0,0.010499559,0.010732709,0.009210099,0.019107243}}
--- org.apache.commons.math3.linear.RectangularCholeskyDecompositionTest::testMath789
junit.framework.AssertionFailedError: expected:<0.0> but was:<0.0180652917341963>
	at org.junit.Assert.fail(Assert.java:88)
	at org.junit.Assert.failNotEquals(Assert.java:743)
	at org.junit.Assert.assertEquals(Assert.java:494)
	at org.junit.Assert.assertEquals(Assert.java:592)
	at org.apache.commons.math3.linear.RectangularCholeskyDecompositionTest.testMath789(RectangularCholeskyDecompositionTest.java:108)
	at sun.reflect.NativeMethodAccessorImpl.invoke0(Native Method)
	at sun.reflect.NativeMethodAccessorImpl.invoke(NativeMethodAccessorImpl.java:62)
	at sun.reflect.DelegatingMethodAccessorImpl.invoke(DelegatingMethodAccessorImpl.java:43)
	at java.lang.reflect.Method.invoke(Method.java:498)
	at org.junit.runners.model.FrameworkMethod$1.runReflectiveCall(FrameworkMethod.java:47)
	at org.junit.internal.runners.model.ReflectiveCallable.run(ReflectiveCallable.java:12)
	at org.junit.runners.model.FrameworkMethod.invokeExplosively(FrameworkMethod.java:44)
	at org.junit.internal.runners.statements.InvokeMethod.evaluate(InvokeMethod.java:17)
	at org.junit.runners.ParentRunner.runLeaf(ParentRunner.java:271)
	at org.junit.runners.BlockJUnit4ClassRunner.runChild(BlockJUnit4ClassRunner.java:70)
	at org.junit.runners.BlockJUnit4ClassRunner.runChild(BlockJUnit4ClassRunner.java:50)
	at org.junit.runners.ParentRunner$3.run(ParentRunner.java:238)
	at org.junit.runners.ParentRunner$1.schedule(ParentRunner.java:63)
	at org.junit.runners.ParentRunner.runChildren(ParentRunner.java:236)
	at org.junit.runners.ParentRunner.access$000(ParentRunner.java:53)
	at org.junit.runners.ParentRunner$2.evaluate(ParentRunner.java:229)
	at org.junit.runners.ParentRunner.run(ParentRunner.java:309)
	at junit.framework.JUnit4TestAdapter.run(JUnit4TestAdapter.java:38)
	at org.apache.tools.ant.taskdefs.optional.junit.JUnitTestRunner.run(JUnitTestRunner.java:520)
	at org.apache.tools.ant.taskdefs.optional.junit.JUnitTask.executeInVM(JUnitTask.java:1484)
	at org.apache.tools.ant.taskdefs.optional.junit.JUnitTask.execute(JUnitTask.java:872)
	at org.apache.tools.ant.taskdefs.optional.junit.JUnitTask.executeOrQueue(JUnitTask.java:1972)
	at org.apache.tools.ant.taskdefs.optional.junit.JUnitTask.execute1(JUnitTask.java:824)
	at org.apache.tools.ant.taskdefs.optional.junit.JUnitTask.execute(JUnitTask.java:2277)
	at org.apache.tools.ant.UnknownElement.execute(UnknownElement.java:291)
	at sun.reflect.GeneratedMethodAccessor4.invoke(Unknown Source)
	at sun.reflect.DelegatingMethodAccessorImpl.invoke(DelegatingMethodAccessorImpl.java:43)
	at java.lang.reflect.Method.invoke(Method.java:498)
	at org.apache.tools.ant.dispatch.DispatchUtils.execute(DispatchUtils.java:106)
	at org.apache.tools.ant.Task.perform(Task.java:348)
	at org.apache.tools.ant.Target.execute(Target.java:392)
	at org.apache.tools.ant.Target.performTasks(Target.java:413)
	at org.apache.tools.ant.Project.executeSortedTargets(Project.java:1399)
	at org.apache.tools.ant.Project.executeTarget(Project.java:1368)
	at org.apache.tools.ant.helper.DefaultExecutor.executeTargets(DefaultExecutor.java:41)
	at org.apache.tools.ant.Project.executeTargets(Project.java:1251)
	at org.apache.tools.ant.Main.runBuild(Main.java:811)
	at org.apache.tools.ant.Main.startAnt(Main.java:217)
	at org.apache.tools.ant.launch.Launcher.run(Launcher.java:280)
	at org.apache.tools.ant.launch.Launcher.main(Launcher.java:109)
--- org.apache.commons.math3.linear.RectangularCholeskyDecompositionTest::testFullRank
junit.framework.AssertionFailedError
	at org.junit.Assert.fail(Assert.java:86)
	at org.junit.Assert.assertTrue(Assert.java:41)
	at org.junit.Assert.assertTrue(Assert.java:52)
	at org.apache.commons.math3.linear.RectangularCholeskyDecompositionTest.testFullRank(RectangularCholeskyDecompositionTest.java:71)
	at sun.reflect.NativeMethodAccessorImpl.invoke0(Native Method)
	at sun.reflect.NativeMethodAccessorImpl.invoke(NativeMethodAccessorImpl.java:62)
	at sun.reflect.DelegatingMethodAccessorImpl.invoke(DelegatingMethodAccessorImpl.java:43)
	at java.lang.reflect.Method.invoke(Method.java:498)
	at org.junit.runners.model.FrameworkMethod$1.runReflectiveCall(FrameworkMethod.java:47)
	at org.junit.internal.runners.model.ReflectiveCallable.run(ReflectiveCallable.java:12)
	at org.junit.runners.model.FrameworkMethod.invokeExplosively(FrameworkMethod.java:44)
	at org.junit.internal.runners.statements.InvokeMethod.evaluate(InvokeMethod.java:17)
	at org.junit.runners.ParentRunner.runLeaf(ParentRunner.java:271)
	at org.junit.runners.BlockJUnit4ClassRunner.runChild(BlockJUnit4ClassRunner.java:70)
	at org.junit.runners.BlockJUnit4ClassRunner.runChild(BlockJUnit4ClassRunner.java:50)
	at org.junit.runners.ParentRunner$3.run(ParentRunner.java:238)
	at org.junit.runners.ParentRunner$1.schedule(ParentRunner.java:63)
	at org.junit.runners.ParentRunner.runChildren(ParentRunner.java:236)
	at org.junit.runners.ParentRunner.access$000(ParentRunner.java:53)
	at org.junit.runners.ParentRunner$2.evaluate(ParentRunner.java:229)
	at org.junit.runners.ParentRunner.run(ParentRunner.java:309)
	at junit.framework.JUnit4TestAdapter.run(JUnit4TestAdapter.java:38)
	at org.apache.tools.ant.taskdefs.optional.junit.JUnitTestRunner.run(JUnitTestRunner.java:520)
	at org.apache.tools.ant.taskdefs.optional.junit.JUnitTask.executeInVM(JUnitTask.java:1484)
	at org.apache.tools.ant.taskdefs.optional.junit.JUnitTask.execute(JUnitTask.java:872)
	at org.apache.tools.ant.taskdefs.optional.junit.JUnitTask.executeOrQueue(JUnitTask.java:1972)
	at org.apache.tools.ant.taskdefs.optional.junit.JUnitTask.execute1(JUnitTask.java:824)
	at org.apache.tools.ant.taskdefs.optional.junit.JUnitTask.execute(JUnitTask.java:2277)
	at org.apache.tools.ant.UnknownElement.execute(UnknownElement.java:291)
	at sun.reflect.GeneratedMethodAccessor4.invoke(Unknown Source)
	at sun.reflect.DelegatingMethodAccessorImpl.invoke(DelegatingMethodAccessorImpl.java:43)
	at java.lang.reflect.Method.invoke(Method.java:498)
	at org.apache.tools.ant.dispatch.DispatchUtils.execute(DispatchUtils.java:106)
	at org.apache.tools.ant.Task.perform(Task.java:348)
	at org.apache.tools.ant.Target.execute(Target.java:392)
	at org.apache.tools.ant.Target.performTasks(Target.java:413)
	at org.apache.tools.ant.Project.executeSortedTargets(Project.java:1399)
	at org.apache.tools.ant.Project.executeTarget(Project.java:1368)
	at org.apache.tools.ant.helper.DefaultExecutor.executeTargets(DefaultExecutor.java:41)
	at org.apache.tools.ant.Project.executeTargets(Project.java:1251)
	at org.apache.tools.ant.Main.runBuild(Main.java:811)
	at org.apache.tools.ant.Main.startAnt(Main.java:217)
	at org.apache.tools.ant.launch.Launcher.run(Launcher.java:280)
	at org.apache.tools.ant.launch.Launcher.main(Launcher.java:109)
